-0.15587244929117483 -0.21786692138044841 0.2534380733794531 -0.21925547317755212 0.5949134928064457 0.21462034783371592 0.05055184618769535 -0.03220904966145198 0.24420158111361495 0.3849767336130562 0.16160049914006228 0.11101161880567408
0.41899875391753105 -0.5607338824400261 0.7076272855801564 0.19572999423554927 0.4349731271823743 0.713166482547667 0.3199540878648083 -0.3521539038440903 0.4073121182485865 -0.42674474994435585 0.23795292997837955 0.319856410072617
-0.5146934317183699 0.30074826960583 -0.2686109969176363 0.8576940891384558 0.7849634819596298 0.7659774825115506 0.25696214406957685 -0.014716690263454691 -0.7496766703513864 0.22319910168550747 0.549287603742875 -0.787138880552027
-0.0750801584233432 -0.3379250287737897 0.16230664512940945 0.6934963087713841 0.1560181776242634 0.5437929216458732 -0.20559560584802572 0.5188944867602585 -0.33978616066705164 -0.7664666954707369 -0.07505707139672879 0.05642686375231751
-0.8730590789562691 0.7868349376523242 -0.15465153389349126 0.4959621752826525 -0.13643542566203767 0.5859663851638083 0.6549556008747224 0.28043911917938347 0.06394110586341004 0.6057722426857527 -0.3221766063769794 0.8623808791992847

-0.18176122009376366 0.04918908327659419 -0.09176989680985878 0.058945903716277004 -0.021296179504510328 0.21800530491577985 0.33703699995790837 -0.39385687277433645 0.3256397070805698 0.32764344263250283 -0.4477336925704887 -0.11398612089033551
-0.029601619530501833 0.1295508813657094 0.0955703289817726 0.244570923661377 0.006058081862111816 0.3135982003663727 0.1671273009796409 0.36968553380502056 -0.07474648953586129 0.1760401035360185 -0.062232681069102805 0.37530000470539593
0.15112610775377083 0.14020065590210581 -0.37999486274112865 0.2236778710284299 0.3683786288152567 0.3683050869421697 0.0344376665958606 0.08429226466524536 0.017450123965057233 0.18452829412137223 -0.24457065941869505 0.3189805763499523
-0.1413110339936613 0.15544682609497687 0.4723320603745981 -0.06623335206461041 0.03825588468317473 0.4371176892712482 0.17324143280489496 0.44384889095926794 -0.08049635869313601 0.2769367963947814 0.30017544341092944 -0.20313559281459698
-0.613770541177981 0.6300745818845817 0.06750514335159861 0.3613423654619957 0.5566471194418756 -0.22072170424929788 0.05854600478230619 0.026400162083245263 0.25904354945101477 0.23404599578135565 0.02251463503922533 -0.30856445040168773

-0.15858514034117344 -0.009947748804610183 -0.08888293572455244 -0.013367372130257148 0.039897249583646925 -0.006569976052568798 0.15112221889842226 -0.1172408912691609 0.18527318861299774 -0.07510183719678123 -0.0898133960788825 -0.06159825337929935
-0.009629290680009284 -0.17977429912467846 -0.07972066572485251 0.07052944694241983 0.2803722680665052 0.27505002902200193 0.044621573026352744 0.023920345784271206 0.13713276555610782 0.11491387975060466 -0.06968732696255572 -0.18926875464611817
-0.16415721098552039 -0.22473773435295005 0.21079452817369373 0.13503763479270103 0.17173626091422312 -0.061858148526812484 0.04192199536617075 0.24336349951542696 -0.05687674423446157 0.17837088784211172 0.028320374199183013 -0.008819152960104354
-0.031936295702816475 -0.014125083811755534 0.2016321173380828 0.18763605693518198 0.06440220555089263 0.25070565232394837 -0.04970085599868901 0.17638304889680434 -0.1104112546510809 -0.027884129253036807 -0.14916654143709504 0.0726383504631097
-0.056726866390117425 0.38279318076667007 0.02316438541880575 0.317085560206188 0.02992818718545414 0.08190621578643945 0.22346053172500435 0.13449512862611196 0.34878553519633937 -0.11132670736635789 -0.36333724287076713 0.45469096022987293
