0.9048600458517694 -0.9946821983910407 0.9969092948871868 0.9836509719328952 -0.9782158143000094 0.9910081617232487 0.9890863167130182 -0.9821525724176051 0.9873849968778268 0.9243273479864887 -0.9781517851274064 0.9964466316706643
-0.9886548831543612 0.9787339267323365 -0.9789506999683796 0.9881781441793284 0.9823040086129283 0.988858056628751 0.9893937557808427 -0.9694360761422923 0.9700976580755423 -0.9893177138176822 -0.9928804723091957 0.9955107608580304
0.9921313747085054 -0.9904713011948318 0.991689617493396 -0.9945700391154616 0.9840914731617681 -0.9903461453467504 0.9924478199877033 0.9928043924246243 0.9751191291708399 -0.9327974671522654 -0.9800028463139415 0.9887745175210729
-0.9882552111262498 0.9774691981941807 -0.9844764248889061 0.9877713116211363 0.9834427008844534 0.989455541099731 -0.9759504093134774 0.9867669589614636 -0.9920199990479778 0.9919654719662021 0.9962545847748078 -0.9793348242753457
-0.9862828681821889 0.9913892344459595 -0.9909989963004905 0.9908861736335868 0.9864531582111032 0.9841973852754942 0.9769633094217873 -0.98097748987134 0.9910552272625186 -0.9854911581591553 -0.9924017565121468 0.9972948929911731

0.9827249699803451 -0.9225855549110865 0.9433351962847701 -0.9415818006396742 0.9397230512775637 -0.9269921517857382 0.9095643527366781 0.9002095537540267 0.9214758911603774 -0.9398083000305437 -0.9531405289054652 0.9318627468949301
0.912976057511054 -0.898831985155926 0.8720443027627974 -0.9632127869408764 -0.9658313293628472 0.9078487229744471 0.9594299405017087 0.838619846274357 -0.824349002373609 0.902410647478455 0.8776034692983923 -0.9278571329512556
0.8721671131822206 -0.9202264745685743 0.9451062384164739 -0.8662825953128744 -0.9206913569976616 0.8592636727544696 0.8007501213127793 0.8776926389434238 -0.8253248596898362 0.9188928506909101 0.8713839630075704 -0.8812458665385188
0.9573265451701254 -0.901929474919164 0.9460504330810235 -0.8745903294073102 0.9486312823867966 -0.936682096048053 0.9003914578840438 0.9197748553974313 0.9535538748787007 -0.9073683752038779 -0.9201798294297235 0.9445666680393522
0.9181979690716182 -0.9291165804810814 0.9456307258626839 -0.8839530696529854 -0.9062797026709488 0.901086644663428 0.9260928856339774 0.9429954404180608 -0.936954370560434 0.9522627327987985 0.9426666037436863 -0.950088357316842

0.8533270755725293 -0.8490263675010642 0.8655269716109708 -0.848434693070632 -0.751372747395841 0.6709006527596532 0.8345128560683139 0.8337524595880406 -0.6339836128641554 0.7491152102079691 0.7523495325222462 -0.8404781335141236
-0.7397189879901956 0.6779226391964827 -0.665495986031016 0.7190427207231012 0.7205949206475076 -0.027193982540624995 0.6401343349098916 0.5424063579696591 0.5526732220303836 -0.6260909526738085 -0.6064271045898315 0.8199746334252823
0.8250650118891639 -0.646327511014464 0.6661197226296258 -0.7006466127700806 -0.6897447303250176 0.6827120163907584 0.7507853346636012 0.6177871388871636 -0.6736919948339024 0.7679959155206391 0.7232288256674999 -0.6713748717189458
-0.6777211586481976 0.7273739533196998 -0.5939771208757794 0.6988538672530491 0.7671585362601782 0.8478981152204221 -0.7107616539191774 0.7833068790013101 -0.8047662280128371 0.7914480551740024 0.8562245046784438 -0.8106294759738617
0.8304164363283357 -0.7483385464120414 0.7886521695226739 -0.729563619557289 -0.7337524201139118 0.8593943527881841 0.8088022590445737 0.7493270195811468 -0.7848610203011558 0.7870164249104059 0.7982597341847948 -0.8206936918063612
