21.789964823436627 -18.271603702748706 -44.90030843427067
-22.917531836880734 -60.18356594084473 -86.97935045243322
-45.97019474662873 -0.8887178588633664 -59.94734826562781 -99.47780987466565 -124.7780087668974
5.322755577653147 -58.09394561441483 -84.55630423649829
-1.0435425631675024 0.6740955423685877 85.60456464903262 -43.21900288554009 -1.3320061271103034 -57.08187721255324 -84.60956536850853 -104.26789143553908

-3.3196532976513167 -24.023979446459343 -47.396507149155866
3.6339359684301464 -33.136634418702705 -58.07049038227645
-7.241110570147196 -35.07504417903668 -55.157297524786514
-2.7600677848104027 -40.56820502975938 -71.60765843593288
-6.681469599596351 -39.24480611505978 -66.56016342649497

2.5714201245802033 -9.163464059025275
-8.818590362224915 -25.40810881345337 -44.22702838658185
-5.713492591974464 -27.418224616620883 -41.380326361577794
-0.7166077980795684 -33.36804746613422 -55.32864406769
-8.692540565837398 5.78520869782191 4.598593048597987 -0.6412485620515825 16.550499279685813 -35.75194262950222 -62.47831829776253